0	2.805250	2.351500	.453750
10	3.337250	2.880250	.457000
20	3.829750	3.398250	.431500
30	4.305750	3.857250	.448500
40	4.773250	4.263500	.509750
50	5.236000	4.621750	.614250
60	5.695500	4.953000	.742500
70	6.152250	5.269750	.882500
80	6.580750	5.578500	1.002250
90	6.984000	5.883250	1.100750
100	7.381250	6.185750	1.195500
110	7.754500	6.487250	1.267250
120	8.114250	6.788500	1.325750
130	8.464750	7.089500	1.375250
140	8.812000	7.390250	1.421750
150	9.156000	7.690750	1.465250
160	9.496250	7.991750	1.504500
170	9.833500	8.292750	1.540750
180	10.165000	8.587750	1.577250
190	10.489500	8.865250	1.624250
200	10.810000	9.141250	1.668750
210	11.128500	9.410250	1.718250
220	11.446250	9.669000	1.777250
230	11.760500	9.927250	1.833250
240	12.070500	10.181750	1.888750
250	12.378500	10.433500	1.945000
260	12.684000	10.683750	2.000250
270	12.987250	10.933500	2.053750
280	13.289750	11.182250	2.107500
290	13.590500	11.429750	2.160750
300	13.889750	11.676250	2.213500
310	14.186250	11.922000	2.264250
320	14.477500	12.166000	2.311500
330	14.766500	12.406750	2.359750
340	15.053250	12.646250	2.407000
350	15.341000	12.884750	2.456250
