sourcenode 0 0
num node 13
9999 4364724 1936514 
182 4364724.0 2304671.0
183 4364724.0 2304671.0
180 4364724.0 2672828.0
181 4364724.0 2672828.0
178 4364724.0 3040985.0
179 4364724.0 3040985.0
176 4364724.0 3409142.0
177 4364724.0 3409142.0
174 4364724.0 3777299.0
175 4364724.0 3777299.0
172 4364724.0 4145456.0
173 4364724.0 4145456.0
num sinknode 1
1 1
num wire 8
0 9999 1
9999 182 0
183 180 0
181 178 0
179 176 0
177 174 0
175 172 0
173 1 0
num buffer 34
182 183 0
182 183 0
182 183 0
182 183 0
182 183 0
182 183 0
180 181 0
180 181 0
180 181 0
180 181 0
180 181 0
180 181 0
178 179 0
178 179 0
178 179 0
178 179 0
178 179 0
178 179 0
176 177 0
176 177 0
176 177 0
176 177 0
176 177 0
174 175 0
174 175 0
174 175 0
174 175 0
174 175 0
174 175 0
172 173 0
172 173 0
172 173 0
172 173 0
172 173 0
