0 0 9000000 9000000
source 0 0 0 0
num sink 81
45 4600925 8714025 35.000000
36 3330459 8669882 35.000000
44 4495852 7452635 35.000000
43 4695473 6725685 35.000000
35 3600912 7274431 35.000000
34 3708600 6500458 35.000000
53 5555527 7390301 35.000000
52 5681513 6748577 35.000000
61 6266172 6546199 35.000000
62 6539097 7667815 35.000000
63 6406580 8661116 35.000000
54 5570819 8624992 35.000000
81 8666080 8262130 35.000000
72 7526706 8348478 35.000000
80 8423193 7464121 35.000000
71 7670641 7318002 35.000000
57 6295281 2375187 35.000000
48 5516019 2476574 35.000000
58 6690954 3419128 35.000000
49 5284042 3261526 35.000000
40 4508861 3595877 35.000000
60 6438618 5567123 35.000000
59 6564597 4734670 35.000000
51 5566583 5373350 35.000000
50 5394876 4598889 35.000000
42 4675699 5481925 35.000000
41 4530600 4742836 35.000000
79 8546976 6445746 35.000000
78 8559597 5431978 35.000000
70 7525134 6426195 35.000000
69 7493339 5638998 35.000000
77 8414864 4537798 35.000000
68 7722429 4460293 35.000000
76 8257553 3699055 35.000000
67 7726988 3687110 35.000000
75 8716568 2701260 35.000000
66 7718713 2578597 35.000000
74 8346538 1529168 35.000000
65 7659494 1630468 35.000000
73 8691461 560333 35.000000
56 6506261 1422696 35.000000
55 6305342 664520 35.000000
64 7256521 488299 35.000000
39 4732625 2323264 35.000000
38 4545967 1612877 35.000000
47 5292564 1404417 35.000000
46 5325658 562584 35.000000
37 4642285 529348 35.000000
30 3666936 2388574 35.000000
14 1532033 4302277 35.000000
5 512050 4550186 35.000000
12 1516022 2537410 35.000000
3 316977 2514130 35.000000
13 1336726 3431214 35.000000
4 712473 3459719 35.000000
32 3258860 4331051 35.000000
23 2400509 4490033 35.000000
31 3271264 3350408 35.000000
22 2536324 3417352 35.000000
21 2653323 2645312 35.000000
29 3521663 1398411 35.000000
28 3427779 638795 35.000000
19 2609744 454815 35.000000
20 2333429 1743194 35.000000
11 1579386 1254489 35.000000
10 1436157 526808 35.000000
2 352226 1484651 35.000000
1 381463 653736 35.000000
25 2656292 6428211 35.000000
24 2643433 5716785 35.000000
33 3497127 5697333 35.000000
15 1314297 5327592 35.000000
6 536541 5637374 35.000000
16 1357680 6421064 35.000000
7 748126 6530902 35.000000
26 2621312 7448434 35.000000
17 1721896 7395226 35.000000
27 2353957 8668275 35.000000
18 1644465 8658156 35.000000
9 444116 8472683 35.000000
8 593486 7661588 35.000000
num wirelib 2
0 0.000100 0.000200
1 0.000500 0.000360
num buflib 2
0 clkinv0.subckt 1 35.000000 80.000000 61.200000
1 clkinv1.subckt 1 4.200000 6.100000 440.000000
simulation vdd 1.0 1.2
limit slew 100
limit cap 60000
num blockage 0
