sourcenode 0 0
num node 250
1 4364724 4145456 
172 5572321.0 4145456.0
173 5572321.0 4145456.0
272 3581674.0 4145456.0
273 3581674.0 4145456.0
270 2181673.0 4145456.0
271 2181673.0 4145456.0
2 5724150 4145456 
178 5724150.0 4867023.0
179 5724150.0 4867023.0
176 5724150.0 6267024.0
177 5724150.0 6267024.0
174 5724150.0 7667025.0
175 5724150.0 7667025.0
206 6075754.0 4145456.0
207 6075754.0 4145456.0
3 5724150 7671420 
180 4931250.0 7671420.0
181 4931250.0 7671420.0
200 6151855.0 7671420.0
201 6151855.0 7671420.0
198 7551856.0 7671420.0
199 7551856.0 7671420.0
4 4931250 7671420 
182 4135300.0 7671420.0
183 4135300.0 7671420.0
190 5985763.0 7589303.0
191 5985763.0 7589303.0
5 4135300 7671420 
184 3987764.0 8669882.0
185 3987764.0 8669882.0
6 3987764 8669882 
9 4135300 6989350 
186 4197422.0 6989350.0
187 4197422.0 6989350.0
188 4003879.0 6989350.0
189 4003879.0 6989350.0
10 4495852 6989350 
13 3708600 6941289 
16 5985763 7589303 
196 5996262.0 8282376.0
197 5996262.0 8282376.0
17 5985763 7354796 
192 5985763.0 7132432.0
193 5985763.0 7132432.0
194 5988616.0 7354796.0
195 5988616.0 7354796.0
18 5985763 7132432 
19 5681513 7132432 
23 6185763 7354796 
24 5985763 7354796 
26 5996262 8635491 
29 8013538 7883699 
202 8053219.0 8262130.0
203 8053219.0 8262130.0
204 7993698.0 7770611.0
205 7993698.0 7770611.0
30 8053219 8262130 
33 7993698 7444281 
36 6418094 3542228 
210 6418094.0 3647138.0
211 6418094.0 3647138.0
208 6736696.0 4728537.0
209 6736696.0 4728537.0
37 6736696 4728537 
212 5956344.0 4412696.0
213 5956344.0 4412696.0
230 7374428.0 4728537.0
231 7374428.0 4728537.0
38 5956344 4412696 
214 5956344.0 3456098.0
215 5956344.0 3456098.0
222 5499458.0 5039831.0
223 5499458.0 5039831.0
39 5956344 3456098 
220 5039316.0 3456098.0
221 5039316.0 3456098.0
40 5956344 3004871 
216 5956344.0 2820925.0
217 5956344.0 2820925.0
218 5964902.0 3004871.0
219 5964902.0 3004871.0
41 5956344 2476574 
45 4993737 3525987 
48 5499458 5039831 
224 6172049.0 5087907.0
225 6172049.0 5087907.0
49 6438618 5087907 
52 5074332 5039831 
226 5132115.0 5055902.0
227 5132115.0 5055902.0
228 5016511.0 5039831.0
229 5016511.0 5039831.0
53 5410947 5055902 
56 4675699 5039831 
59 7997962 5032713 
232 7997962.0 5220585.0
233 7997962.0 5220585.0
240 7992130.0 4929126.0
241 7992130.0 4929126.0
60 8009627 5932552 
234 8348365.0 5932552.0
235 8348365.0 5932552.0
236 7846996.0 5932552.0
237 7846996.0 5932552.0
61 8546976 5932552 
64 7525134 6016699 
67 7992130 4838545 
68 7997962 5032713 
238 7992130.0 4188817.0
239 7992130.0 4188817.0
69 7992130 4188817 
70 8068646 4499045 
73 7989214 3696139 
76 6418094 3442228 
244 6418094.0 3516751.0
245 6418094.0 3516751.0
77 6418094 3542228 
242 6418094.0 2167704.0
243 6418094.0 2167704.0
78 6418094 1789149 
246 7163137.0 1789149.0
247 7163137.0 1789149.0
262 6316692.0 1789149.0
263 6316692.0 1789149.0
260 4967354.0 1738486.0
261 4967354.0 1738486.0
79 7355128 1789149 
248 8278972.0 1789149.0
249 8278972.0 1789149.0
258 7245963.0 1789149.0
259 7245963.0 1789149.0
256 6761963.0 943149.0
257 6761963.0 943149.0
80 8278972 1789149 
254 8520276.0 1789149.0
255 8520276.0 1789149.0
81 8278972 2036561 
250 8278972.0 2474115.0
251 8278972.0 2474115.0
252 8084230.0 2036561.0
253 8084230.0 2036561.0
82 8278972 2578597 
85 8053666 1630468 
89 6761963 943149 
90 6506261 943149 
94 4967354 1738486 
268 4416849.0 1738486.0
269 4416849.0 1738486.0
95 4967354 1498787 
264 4841082.0 1766285.0
265 4841082.0 1766285.0
266 4967354.0 1070976.0
267 4967354.0 1070976.0
96 4841082 1766285 
97 4732625 1874742 
101 4967354 562584 
105 1830608 4294281 
276 1830608.0 3708082.0
277 1830608.0 3708082.0
274 1905020.0 2382493.0
275 1905020.0 2382493.0
314 1726044.0 4328629.0
315 1726044.0 4328629.0
312 1726044.0 5592129.0
313 1726044.0 5592129.0
310 1726044.0 6855629.0
311 1726044.0 6855629.0
106 1905020 2382493 
278 1759058.0 3361657.0
279 1759058.0 3361657.0
294 1970299.0 1818284.0
295 1970299.0 1818284.0
107 1759058 3361657 
280 904860.0 3361657.0
281 904860.0 3361657.0
288 2653314.0 3361657.0
289 2653314.0 3361657.0
108 904860 3361657 
282 901473.0 4305663.0
283 901473.0 4305663.0
109 901473 4305663 
112 904860 2974556 
284 904860.0 2540085.0
285 904860.0 2540085.0
286 950558.0 2974556.0
287 950558.0 2974556.0
113 904860 2537410 
116 1010348 3431214 
119 2713335 3679943 
290 2713335.0 4160243.0
291 2713335.0 4160243.0
292 2694906.0 3331978.0
293 2694906.0 3331978.0
120 2750194 4331051 
123 2694906 3331978 
124 2870322 3350408 
128 1970299 1074679 
296 2210389.0 1070112.0
297 2210389.0 1070112.0
304 1733561.0 1074679.0
305 1733561.0 1074679.0
129 2762712 1070112 
130 2836827 1065545 
298 3056279.0 1065545.0
299 3056279.0 1065545.0
300 2739323.0 1065545.0
301 2739323.0 1065545.0
131 3427779 1065545 
134 2636827 1065545 
135 2836827 1065545 
137 2662712 1070112 
302 2664752.0 1070112.0
303 2664752.0 1070112.0
138 2762712 1070112 
140 970432 1079246 
306 1082067.0 962263.0
307 1082067.0 962263.0
308 741745.0 1079246.0
309 741745.0 1079246.0
141 1436157 962263 
144 379179 1081529 
147 1726044 6855629 
316 1800733.0 5957312.0
317 1800733.0 5957312.0
324 1673762.0 8007677.0
325 1673762.0 8007677.0
148 1800733 5957312 
318 2767489.0 5846114.0
319 2767489.0 5846114.0
149 2767489 5846114 
150 2656292 6066069 
154 1042965 5994656 
320 1042965.0 5737491.0
321 1042965.0 5737491.0
322 1020474.0 6010058.0
323 1020474.0 6010058.0
155 1061637 5618701 
158 1020474 6443554 
161 1673762 8007677 
330 723877.0 8007677.0
331 723877.0 8007677.0
162 2030411 7981536 
326 2030411.0 7606221.0
327 2030411.0 7606221.0
328 2004271.0 8152766.0
329 2004271.0 8152766.0
163 2145000 7448434 
166 2004271 8658156 
169 526414 8074749 
num sinknode 81
7 45
8 36
11 44
12 43
14 35
15 34
20 53
21 52
22 61
25 62
27 63
28 54
31 81
32 72
34 80
35 71
42 57
43 48
44 58
46 49
47 40
50 60
51 59
54 51
55 50
57 42
58 41
62 79
63 78
65 70
66 69
71 77
72 68
74 76
75 67
83 75
84 66
86 74
87 65
88 73
91 56
92 55
93 64
98 39
99 38
100 47
102 46
103 37
104 30
110 14
111 5
114 12
115 3
117 13
118 4
121 32
122 23
125 31
126 22
127 21
132 29
133 28
136 19
139 20
142 11
143 10
145 2
146 1
151 25
152 24
153 33
156 15
157 6
159 16
160 7
164 26
165 17
167 27
168 18
170 9
171 8
num wire 251
0 1 0
1 172 0
173 2 0
1 272 0
273 270 0
271 105 0
2 178 0
179 176 0
177 174 0
175 3 0
2 206 0
207 36 0
3 180 0
181 4 0
3 200 0
201 198 0
199 29 0
4 182 0
183 5 0
4 190 0
191 16 0
5 184 0
185 6 0
5 9 0
6 7 0
6 8 0
9 186 0
187 10 0
9 188 0
189 13 0
10 11 0
10 12 0
13 14 0
13 15 0
16 17 0
16 196 0
197 26 0
17 192 0
193 18 0
17 194 0
195 23 0
18 19 0
18 22 0
19 20 0
19 21 0
23 24 0
24 25 0
26 27 0
26 28 0
29 202 0
203 30 0
29 204 0
205 33 0
30 31 0
30 32 0
33 34 0
33 35 0
36 210 0
211 208 0
209 37 0
36 76 0
37 212 0
213 38 0
37 230 0
231 59 0
38 214 0
215 39 0
38 222 0
223 48 0
39 40 0
39 220 0
221 45 0
40 216 0
217 41 0
40 218 0
219 44 0
41 42 0
41 43 0
45 46 0
45 47 0
48 224 0
225 49 0
48 52 0
49 50 0
49 51 0
52 226 0
227 53 0
52 228 0
229 56 0
53 54 0
53 55 0
56 57 0
56 58 0
59 232 0
233 60 0
59 240 0
241 67 0
60 234 0
235 61 0
60 236 0
237 64 0
61 62 0
61 63 0
64 65 0
64 66 0
67 68 0
68 238 0
239 69 0
69 70 0
69 73 0
70 71 0
70 72 0
73 74 0
73 75 0
76 244 0
245 77 0
77 242 0
243 78 0
78 246 0
247 79 0
78 262 0
263 260 0
261 94 0
79 248 0
249 80 0
79 258 0
259 256 0
257 89 0
80 81 0
80 254 0
255 88 0
81 250 0
251 82 0
81 252 0
253 85 0
82 83 0
82 84 0
85 86 0
85 87 0
89 90 0
89 93 0
90 91 0
90 92 0
94 95 0
94 268 0
269 104 0
95 264 0
265 96 0
95 266 0
267 101 0
96 97 0
96 100 0
97 98 0
97 99 0
101 102 0
101 103 0
105 276 0
277 274 0
275 106 0
105 314 0
315 312 0
313 310 0
311 147 0
106 278 0
279 107 0
106 294 0
295 128 0
107 280 0
281 108 0
107 288 0
289 119 0
108 282 0
283 109 0
108 112 0
109 110 0
109 111 0
112 284 0
285 113 0
112 286 0
287 116 0
113 114 0
113 115 0
116 117 0
116 118 0
119 290 0
291 120 0
119 292 0
293 123 0
120 121 0
120 122 0
123 124 0
123 127 0
124 125 0
124 126 0
128 296 0
297 129 0
128 304 0
305 140 0
129 130 0
129 137 0
130 298 0
299 131 0
130 300 0
301 134 0
131 132 0
131 133 0
134 135 0
135 136 0
137 302 0
303 138 0
138 139 0
140 306 0
307 141 0
140 308 0
309 144 0
141 142 0
141 143 0
144 145 0
144 146 0
147 316 0
317 148 0
147 324 0
325 161 0
148 318 0
319 149 0
148 154 0
149 150 0
149 153 0
150 151 0
150 152 0
154 320 0
321 155 0
154 322 0
323 158 0
155 156 0
155 157 0
158 159 0
158 160 0
161 162 0
161 330 0
331 169 0
162 326 0
327 163 0
162 328 0
329 166 0
163 164 0
163 165 0
166 167 0
166 168 0
169 170 0
169 171 0
num buffer 160
172 173 0
172 173 0
178 179 0
178 179 0
176 177 0
176 177 0
174 175 0
174 175 0
180 181 0
180 181 0
182 183 0
182 183 0
184 185 0
184 185 0
186 187 0
186 187 0
188 189 0
188 189 0
190 191 0
190 191 0
192 193 0
192 193 0
194 195 0
194 195 0
196 197 0
196 197 0
200 201 0
200 201 0
198 199 0
198 199 0
202 203 0
202 203 0
204 205 0
204 205 0
206 207 0
206 207 0
210 211 0
210 211 0
208 209 0
208 209 0
212 213 0
212 213 0
214 215 0
214 215 0
216 217 0
216 217 0
218 219 0
218 219 0
220 221 0
220 221 0
222 223 0
222 223 0
224 225 0
224 225 0
226 227 0
226 227 0
228 229 0
228 229 0
230 231 0
230 231 0
232 233 0
232 233 0
234 235 0
234 235 0
236 237 0
236 237 0
240 241 0
240 241 0
238 239 0
238 239 0
244 245 0
244 245 0
242 243 0
242 243 0
246 247 0
246 247 0
248 249 0
248 249 0
250 251 0
250 251 0
252 253 0
252 253 0
254 255 0
254 255 0
258 259 0
258 259 0
256 257 0
256 257 0
262 263 0
262 263 0
260 261 0
260 261 0
264 265 0
264 265 0
266 267 0
266 267 0
268 269 0
268 269 0
272 273 0
272 273 0
270 271 0
270 271 0
276 277 0
276 277 0
274 275 0
274 275 0
278 279 0
278 279 0
280 281 0
280 281 0
282 283 0
282 283 0
284 285 0
284 285 0
286 287 0
286 287 0
288 289 0
288 289 0
290 291 0
290 291 0
292 293 0
292 293 0
294 295 0
294 295 0
296 297 0
296 297 0
298 299 0
298 299 0
300 301 0
300 301 0
302 303 0
302 303 0
304 305 0
304 305 0
306 307 0
306 307 0
308 309 0
308 309 0
314 315 0
314 315 0
312 313 0
312 313 0
310 311 0
310 311 0
316 317 0
316 317 0
318 319 0
318 319 0
320 321 0
320 321 0
322 323 0
322 323 0
324 325 0
324 325 0
326 327 0
326 327 0
328 329 0
328 329 0
330 331 0
330 331 0
