sourcenode 0 0
num node 27
8 875000 0
9 875000 0
10 1750000 0
11 1750000 0
12 2250294 374705
13 2250294 374705
14 2250294 1249705
15 2250294 1249705
1 2250294 2100000 
16 2275000 2100000
17 2275000 2100000
22 3150000 2100000
23 3150000 2100000
18 2225441 2100000
19 2225441 2100000
20 1350294 2100000
21 1350294 2100000
2 3700000 2100000 
24 4000000 2075000
25 4000000 2075000
26 3700000 2425000
27 3700000 2425000
5 1300000 2500000 
28 1200000 2175147
29 1200000 2175147
30 1300000 2924852
31 1300000 2924852
num sinknode 4
3 2
4 4
6 1
7 3
num wire 19
0 8 0
9 10 0
11 12 0
13 14 0
15 1 0
1 16 0
17 22 0
23 2 0
1 18 0
19 20 0
21 5 0
2 24 0
25 3 0
2 26 0
27 4 0
5 28 0
29 6 0
5 30 0
31 7 0
num buffer 15
8 9 0
10 11 0
12 13 0
14 15 0
14 15 0
16 17 0
22 23 0
22 23 0
24 25 0
26 27 0
18 19 0
20 21 0
20 21 0
28 29 0
30 31 0
