sourcenode 0 0
num node 55
16 732626 0
17 732626 0
18 1465253 0
19 1465253 0
20 2197880 0
21 2197880 0
22 2578378 352128
23 2578378 352128
24 2578378 1084755
25 2578378 1084755
26 2578378 1817382
27 2578378 1817382
28 2578378 2550009
29 2578378 2550009
1 2578378 3122926 
34 2045622 3122926
35 2045622 3122926
36 1300000 3482978
37 1300000 3482978
50 1300000 4588652
51 1300000 4588652
52 1300000 5694326
53 1300000 5694326
3 2675191 3122926 
32 2979783 3122926
33 2979783 3122926
38 3954106 3122926
39 3954106 3122926
48 4350000 3701355
49 4350000 3701355
54 4350000 4675677
55 4350000 4675677
30 2675191 3060030
31 2675191 3060030
4 4350000 5250000 
7 2675191 2500000 
40 2847788 2500000
41 2847788 2500000
46 3580415 2500000
47 3580415 2500000
42 2426416 2500000
43 2426416 2500000
44 1617610 2500000
45 1617610 2500000
8 3961417 2488582 
58 4000000 2059792
59 4000000 2059792
56 3950000 2817373
57 3950000 2817373
10 3950000 3300000 
13 1300000 2500000 
60 1200000 2108805
61 1200000 2108805
62 1300000 2991194
63 1300000 2991194
num sinknode 8
2 7 
5 6
6 8
9 2
11 4
12 5
14 1
15 3
num wire 39
0 16 0
17 18 0
19 20 0
21 22 0
23 24 0
25 26 0
27 28 0
29 1 0
1 34 0
35 36 0
37 50 0
51 52 0
53 2 0
1 3 0
3 32 0
33 38 0
39 48 0
49 54 0
55 4 0
3 30 0
31 7 0
4 5 0
4 6 0
7 40 0
41 46 0
47 8 0
7 42 0
43 44 0
45 13 0
8 58 0
59 9 0
8 56 0
57 10 0
10 11 0
10 12 0
13 60 0
61 14 0
13 62 0
63 15 0
num buffer 34
16 17 0
18 19 0
20 21 0
22 23 0
24 25 0
26 27 0
28 29 0
28 29 0
34 35 0
36 37 0
50 51 0
52 53 0
52 53 0
32 33 0
38 39 0
48 49 0
54 55 0
54 55 0
30 31 0
30 31 0
40 41 0
46 47 0
46 47 0
58 59 0
58 59 0
56 57 0
56 57 0
42 43 0
44 45 0
44 45 0
60 61 0
60 61 0
62 63 0
62 63 0
