sourcenode 0 0
num node 17
14 19174.0 0.0
15 19174.0 0.0
12 782128.0 0.0
13 782128.0 0.0
10 1545082.0 0.0
11 1545082.0 0.0
8 1833944.0 474092.0
9 1833944.0 474092.0
6 1833944.0 1237046.0
7 1833944.0 1237046.0
4 1833944.0 2000000.0
5 1833944.0 2000000.0
1 1833944 2000000 
16 2599999.0 2000000.0
17 2599999.0 2000000.0
18 1400001.0 2000000.0
19 1400001.0 2000000.0
num sinknode 2
2 2
3 1
num wire 11
0 14 0
15 12 0
13 10 0
11 8 0
9 6 0
7 4 0
5 1 0
1 16 0
17 2 0
1 18 0
19 3 0
num buffer 28
14 15 0
14 15 0
14 15 0
14 15 0
12 13 0
12 13 0
12 13 0
12 13 0
10 11 0
10 11 0
10 11 0
10 11 0
8 9 0
8 9 0
8 9 0
8 9 0
6 7 0
6 7 0
6 7 0
6 7 0
4 5 0
4 5 0
4 5 0
4 5 0
16 17 0
16 17 0
18 19 0
18 19 0
